12
0   9   7   3   2   -1  -1  -1  -1  -1  -1  -1
-1  0   -1  -1  -1  4   2   1   -1  -1  -1  -1
-1  -1  0   -1  -1  2   7   -1  -1  -1  -1  -1
-1  -1  -1  0   -1  -1  -1  11  -1  -1  -1  -1
-1  -1  -1  -1  0   -1  11  8   -1  -1  -1  -1
-1  -1  -1  -1  -1  0   -1  -1  6   5   -1  -1
-1  -1  -1  -1  -1  -1  0   -1  4   3   -1  -1
-1  -1  -1  -1  -1  -1  -1  0   -1  5   6   -1
-1  -1  -1  -1  -1  -1  -1  -1  0   -1  -1  4
-1  -1  -1  -1  -1  -1  -1  -1  -1  0   -1  2
-1  -1  -1  -1  -1  -1  -1  -1  -1  -1  0   5